2
4
45 86
32 0
63
15
6
22 96 23 74 42 94 26 74 64 95 82 40 80 11 7
23 20 27 6 42 31 44 46 40 41 35 24 41 39 19
109 86 139 80 188 169 102 119 123 183 38 49 179 114
17
14
16 4 38 73 98 19 67 45 11 11 30 35 2 21 57 83 34
27 36 21 41 34 37 27 48 49 0 2 40 33 14 7 39 4
185 177 117 72 2 8 131 48 144 86 185 129 21 87 124 99
17
15
70 35 83 20 84 33 25 26 67 91 33 56 95 17 96 23 69
33 13 31 0 40 48 40 24 48 14 37 35 12 41 7 49 24
159 66 145 124 92 184 115 150 40 90 7 73 182 192 42 153
13
11
70 15 62 96 64 29 33 99 43 76 56 92 2
34 27 12 39 38 43 37 33 31 31 48 15 48
116 91 7 175 149 145 123 24 77 43 121 118
3
8
9 85 39
11 22 16
111 22
18
16
1 90 0 82 90 17 80 73 56 10 24 64 62 90 87 10 20 39
41 49 36 2 34 25 13 6 41 41 20 46 13 23 36 13 5 26
192 52 184 100 22 116 28 136 106 172 70 74 51 121 139 98 149
11
3
31 79 88 25 51 86 38 24 22 3 79
0 38 16 1 29 17 27 35 30 42 28
104 167 47 32 113 16 180 50 131 72
19
7
96 64 56 86 41 78 89 20 78 28 39 81 57 6 8 94 89 1 22
42 29 37 12 41 20 49 27 0 22 42 20 18 8 26 4 49 6 46
61 85 111 56 111 48 142 123 3 71 36 17 168 179 142 40 179 155
12
4
64 89 21 85 59 31 13 64 31 72 62 55
10 38 16 28 21 37 7 1 48 36 6 3
148 96 169 6 58 3 169 163 152 14 64
25
9
76 3 63 0 65 18 61 53 36 39 76 76 48 30 26 85 88 79 80 35 99 77 97 85 5
23 13 6 36 0 36 12 3 2 15 18 22 26 23 11 17 49 37 16 29 13 3 17 44 33
12 142 27 153 167 84 72 24 154 118 184 56 40 135 130 31 167 7 47 168 140 91 10 165
24
13
3 7 40 49 92 95 42 6 99 72 25 78 16 50 43 59 65 70 6 83 65 72 73 35
14 24 23 3 14 29 25 19 38 15 18 30 12 12 36 11 34 13 41 0 15 34 10 31
164 97 13 77 49 182 164 169 42 86 170 2 37 184 133 144 137 169 94 170 59 43 49
10
8
22 19 3 6 81 84 13 49 0 37
43 39 47 2 4 32 13 33 46 2
168 154 76 144 120 53 10 162 165
11
9
26 76 99 85 57 83 98 58 35 88 52
24 35 6 28 19 19 13 15 22 48 15
68 168 43 120 177 12 92 155 116 167
16
12
23 84 90 73 94 26 61 98 2 46 4 33 65 26 46 83
48 47 0 29 2 2 36 47 13 45 47 18 35 25 25 8
120 165 47 131 115 32 21 45 123 146 182 100 132 177 167
15
4
92 18 81 44 54 28 7 1 77 78 87 5 3 47 16
21 29 24 15 25 31 12 17 42 43 28 31 21 21 20
59 166 83 121 163 17 161 138 142 15 16 113 56 96
18
8
26 61 38 92 38 69 6 5 13 49 36 96 73 57 16 23 22 54
5 34 48 18 6 43 10 5 28 9 10 10 22 39 23 12 31 12
100 146 182 93 35 42 161 108 103 93 48 74 171 171 142 137 71
13
5
76 37 92 85 49 4 10 88 77 72 71 41 56
10 11 4 1 18 49 16 33 11 5 22 30 0
102 109 11 130 161 188 187 177 13 112 133 23
14
11
15 27 79 23 40 90 27 43 11 28 9 94 42 15
16 24 17 13 22 33 40 33 28 6 39 9 22 48
140 71 23 95 70 138 82 34 189 66 189 88 14
4
2
91 69 31 65
38 46 40 21
148 76 91
15
3
11 67 62 62 97 48 29 7 14 70 56 22 39 1 41
39 5 6 32 26 39 0 14 37 40 37 24 15 39 20
60 115 80 155 78 158 79 7 113 141 17 165 135 157
23
8
97 60 29 29 36 70 79 52 58 21 90 84 86 81 56 18 32 96 12 97 85 6 91
33 13 7 37 45 15 43 17 12 5 48 42 44 19 23 48 29 47 38 13 33 22 20
96 189 25 136 158 158 63 133 19 2 188 108 75 16 27 172 152 19 183 66 167 192
17
15
54 50 13 17 35 85 89 39 41 57 58 94 62 32 90 52 21
45 32 8 18 4 11 2 34 15 31 8 40 34 31 46 34 44
61 147 148 10 122 109 48 40 99 50 85 157 71 130 82 135
11
7
20 49 78 5 66 59 63 7 96 96 5
30 42 21 2 23 27 15 47 42 35 15
84 182 20 26 183 166 160 49 60 1
7
14
49 19 96 64 78 44 13
34 27 5 5 29 29 34
138 99 63 107 155 19
17
14
7 41 50 31 97 57 75 50 46 76 22 95 40 52 39 53 36
16 11 44 48 40 30 45 18 9 27 12 11 2 32 20 45 34
182 36 77 129 54 71 153 12 190 158 181 22 47 157 60 164
16
2
53 37 84 74 46 13 88 57 17 72 79 63 7 81 58 51
9 3 41 16 23 27 13 47 2 15 7 45 27 14 37 32
128 118 33 10 16 42 83 49 30 70 112 17 111 18 80
2
10
73 46
10 2
122
5
1
26 66 51 55 80
40 38 33 16 48
129 14 152 19
7
6
32 85 53 2 66 85 34
3 10 32 13 12 43 22
115 57 46 118 48 166
24
14
57 80 16 93 85 15 88 98 88 20 35 42 74 54 79 9 57 89 93 73 3 87 95 21
9 36 44 36 10 8 2 19 38 20 12 25 35 0 26 26 22 13 18 47 17 49 8 27
115 74 61 178 161 96 35 112 177 9 175 167 46 171 58 78 147 106 120 126 75 168 162
4
11
95 49 44 44
7 21 32 11
76 28 184
20
14
51 54 50 89 52 19 31 17 28 93 47 15 42 29 78 68 31 5 63 33
1 8 42 22 42 3 45 20 5 15 9 8 22 11 49 26 30 30 44 11
50 70 97 64 115 64 48 18 169 164 27 178 144 50 74 166 31 109 24
21
10
35 55 73 48 4 2 29 36 96 42 61 41 70 81 67 77 68 24 41 19 67
6 32 2 45 38 42 29 13 40 31 0 45 6 49 2 8 30 40 6 24 2
126 133 118 33 179 102 22 72 58 37 143 92 165 158 36 131 154 68 101 143
19
7
40 12 48 1 44 38 9 18 42 59 15 27 27 89 81 20 8 6 80
32 13 46 4 11 3 7 22 3 41 35 49 31 0 47 34 44 38 44
42 11 134 153 159 181 122 152 58 162 138 34 25 23 175 109 136 126
11
12
92 68 85 42 51 35 91 36 81 79 82
46 12 37 28 22 21 1 15 26 31 14
163 118 71 145 98 79 142 59 74 190
8
3
71 17 77 63 5 11 94 39
9 6 28 38 28 0 39 45
131 109 52 101 34 187 117
12
9
25 36 53 55 2 96 26 72 73 41 29 36
38 19 46 44 49 34 25 49 25 20 28 48
165 113 132 159 102 135 103 39 67 120 102
7
12
20 25 45 13 6 81 1
27 29 46 27 13 23 26
180 56 41 22 28 26
2
10
34 22
21 20
98
17
11
74 66 34 51 11 47 9 45 49 37 24 47 64 90 22 92 81
17 49 22 47 24 32 48 10 7 20 32 30 17 46 4 33 32
120 36 1 125 49 118 78 21 133 50 55 155 51 140 168 156
7
1
89 96 19 1 53 41 33
33 10 32 39 43 14 48
141 5 63 61 186 141
3
14
41 11 15
7 1 39
139 73
25
8
8 30 64 13 71 50 96 81 82 87 27 98 85 19 47 0 56 28 72 9 90 65 20 57 25
21 46 47 36 8 11 44 38 27 10 12 27 6 45 11 46 22 12 31 44 11 33 0 39 7
136 148 18 88 98 75 188 174 142 40 74 185 84 105 169 26 127 158 21 90 10 15 165 176
19
11
4 17 60 45 24 71 77 49 2 66 99 57 51 1 48 45 13 36 29
3 31 25 23 37 16 4 37 32 49 21 44 5 40 4 0 14 27 27
49 137 28 88 138 176 141 115 141 123 175 146 144 68 85 131 110 113
24
5
53 17 9 47 72 99 54 25 14 31 2 30 63 98 97 5 45 66 95 89 0 73 62 87
30 14 0 29 32 16 16 35 36 25 33 8 27 37 33 41 20 38 23 36 36 22 43 31
11 145 63 87 114 53 179 86 63 17 104 121 45 30 37 51 57 108 162 192 161 105 69
14
15
63 0 54 88 93 87 78 33 9 21 46 45 51 92
45 31 19 30 29 12 0 12 30 5 7 28 49 35
85 180 59 141 85 121 61 82 145 183 96 102 136
7
16
22 89 2 53 60 82 85
22 34 49 3 39 6 31
25 30 186 77 152 134
10
1
53 37 60 4 36 69 75 82 76 50
23 29 3 34 13 40 6 48 39 11
102 118 139 127 20 5 75 171 10
12
11
31 99 62 87 36 84 62 70 60 12 93 91
18 29 5 8 38 3 48 49 42 45 44 24
21 75 139 64 148 53 58 95 17 149 162
14
5
0 82 44 64 27 36 32 9 41 93 47 46 93 98
38 38 42 15 27 32 27 8 2 2 41 2 28 39
11 21 192 175 43 73 31 186 81 132 15 186 97
11
16
77 12 35 67 56 0 46 39 28 4 41
32 48 45 12 39 35 4 13 27 30 33
77 124 76 16 11 133 176 68 4 121
5
11
59 36 27 6 27
7 12 18 41 10
182 48 107 54
9
14
30 41 0 66 28 43 93 30 35
6 48 24 48 27 48 10 15 27
175 153 79 125 25 122 180 79
2
14
79 39
10 9
185
12
5
9 5 21 91 92 30 89 66 30 19 66 42
34 44 8 29 30 41 41 8 34 19 40 29
123 171 104 161 163 186 53 32 47 6 172
20
4
8 20 26 27 86 68 64 32 29 93 13 70 86 23 54 6 65 35 56 47
26 18 12 29 8 35 41 22 4 45 15 13 15 43 42 1 14 6 34 43
46 8 44 61 7 18 67 128 165 3 36 31 164 170 146 184 15 179 82
9
14
23 4 16 18 96 69 82 5 3
27 8 4 42 48 28 15 46 18
68 36 168 162 71 17 115 62
8
5
19 85 77 94 41 93 64 90
15 47 45 18 26 3 23 19
89 114 81 121 54 149 28
22
6
81 36 36 95 31 12 14 16 90 60 58 35 24 48 50 23 95 21 50 0 46 71
4 49 7 5 23 15 8 3 31 40 42 19 35 23 31 1 39 21 13 49 9 37
28 146 112 83 95 174 132 89 157 140 69 28 13 102 48 170 163 121 40 13 170
14
2
42 99 15 14 62 14 25 1 66 34 12 60 69 25
7 47 11 11 27 3 19 32 12 36 41 4 47 43
190 152 8 36 103 7 22 173 129 187 71 87 178
24
16
54 0 86 51 61 49 81 14 69 63 26 57 56 30 5 50 95 0 69 3 43 3 28 51
3 27 9 20 12 32 49 16 34 37 19 45 37 0 12 6 16 38 13 24 21 20 24 18
2 30 148 101 37 61 180 173 160 10 75 52 174 168 78 150 111 27 147 88 142 147 166
13
2
25 25 18 45 50 86 18 47 10 34 96 62 2
0 43 33 26 36 46 1 45 43 15 25 37 19
89 147 133 20 132 138 178 134 148 172 8 30
4
14
56 82 71 10
34 14 43 10
5 178 50
15
15
29 73 21 48 33 67 28 45 58 34 82 19 37 69 67
8 5 24 14 40 46 24 24 10 19 37 13 10 0 10
185 116 40 87 12 2 134 41 175 185 79 13 176 72
15
15
89 76 59 56 66 55 32 43 67 2 80 32 12 30 43
9 12 28 27 43 1 14 1 17 10 47 17 28 28 38
127 185 52 10 185 30 161 9 185 165 67 29 25 152
13
4
88 53 54 67 46 5 31 0 75 44 47 44 72
28 35 36 48 2 10 26 35 38 36 14 36 1
33 70 177 156 185 85 169 175 28 84 169 11
13
4
62 66 79 86 44 14 73 94 16 33 20 4 73
9 20 12 12 44 31 42 10 25 12 28 26 49
172 139 162 175 158 125 118 25 183 26 16 16
22
4
28 44 35 54 55 55 16 67 0 99 11 12 26 75 40 52 74 88 86 44 2 55
28 33 4 48 11 17 44 33 0 24 29 36 30 35 43 48 2 45 47 16 7 26
48 27 119 95 123 98 175 9 41 59 77 73 61 170 120 143 155 155 114 168 161
23
1
29 42 41 27 41 57 36 67 0 86 98 18 24 15 80 17 39 74 93 68 67 30 15
3 4 13 18 5 49 12 44 31 6 37 8 47 46 44 17 46 33 15 15 7 30 47
163 156 101 184 76 92 118 52 161 78 181 88 78 151 188 62 182 154 155 156 137 189
7
16
90 90 16 55 0 48 5
26 20 29 46 9 20 45
35 5 126 88 92 75
15
7
71 58 95 17 21 80 61 78 31 51 21 0 7 21 0
14 47 20 43 45 32 13 43 48 29 44 33 13 8 40
52 140 17 164 173 14 92 10 185 115 185 42 159 164
20
4
35 97 7 28 43 39 93 36 38 75 82 23 88 42 66 11 73 18 82 73
42 33 36 48 20 48 23 4 20 23 41 5 20 1 36 15 42 31 1 32
135 26 91 111 176 105 139 145 71 9 94 51 99 52 23 47 67 100 89
14
11
98 89 7 51 27 22 95 59 26 78 17 59 36 64
37 12 26 39 8 20 15 47 0 28 33 0 40 45
184 151 118 78 177 117 13 188 100 168 67 26 126
18
9
21 88 39 85 14 79 44 36 96 41 37 24 76 39 67 23 46 41
5 3 7 45 11 1 10 17 5 1 0 27 2 24 17 41 9 33
21 60 123 185 113 76 190 78 123 101 117 34 34 82 149 144 36
6
9
11 79 23 13 31 3
15 5 20 8 15 4
142 133 59 134 118
7
3
90 31 6 86 76 64 40
27 29 41 39 45 2 20
115 40 100 146 3 22
2
12
26 0
22 46
179
23
8
59 68 5 42 74 92 19 90 32 48 69 23 37 16 25 57 87 93 60 60 27 21 4
18 47 4 42 46 30 16 11 41 34 17 34 10 9 5 1 43 3 20 16 42 39 43
138 87 161 70 127 81 24 160 123 135 120 174 89 131 46 131 68 62 134 60 4 89
20
9
63 21 15 29 13 54 24 14 32 65 76 70 81 11 13 19 45 65 48 26
49 45 18 24 26 27 36 18 47 2 10 10 24 27 41 37 33 17 2 15
87 151 103 44 146 188 124 83 137 184 173 24 162 9 171 136 42 57 50
20
1
88 18 54 65 11 94 49 29 48 64 11 30 50 27 23 2 62 61 70 97
28 36 28 12 28 36 24 6 11 34 36 49 5 43 17 16 39 16 45 37
155 74 68 98 169 63 100 3 140 46 20 6 80 135 9 92 129 181 32
21
3
68 79 63 63 96 80 52 14 77 89 96 86 8 33 22 2 72 24 57 34 72
43 31 2 41 9 16 15 40 43 23 10 24 39 23 20 19 27 34 46 18 33
34 169 69 144 159 98 129 33 44 5 168 133 15 183 122 25 58 15 78 191
24
15
55 94 18 76 21 53 75 42 88 60 18 4 67 1 45 51 89 20 59 72 77 69 98 42
45 39 2 19 5 21 15 11 17 33 37 40 38 14 32 26 24 3 33 44 4 28 45 43
36 48 90 105 157 64 103 163 95 116 54 188 23 7 13 48 138 175 122 179 123 103 11
5
14
95 47 97 74 94
42 25 1 9 5
35 127 172 5
22
15
49 43 52 59 68 19 4 82 25 90 60 15 53 63 60 0 10 9 26 5 51 51
8 12 8 38 40 36 44 22 42 45 15 45 4 33 14 11 17 41 3 28 8 8
86 27 134 61 120 28 186 187 80 124 125 8 161 189 108 73 153 111 107 13 38
20
4
39 71 25 31 75 55 41 83 48 60 92 52 39 80 13 22 19 85 66 66
45 1 2 1 7 30 5 31 3 14 39 42 35 16 25 10 23 17 46 21
42 53 125 173 21 10 107 68 19 166 123 60 29 29 174 108 173 9 8
11
15
42 89 32 10 65 44 33 34 92 4 63
33 30 33 5 20 28 45 46 37 3 18
96 12 74 11 184 82 82 25 129 152
23
9
25 6 0 58 40 93 15 55 26 95 91 83 17 69 28 14 56 83 82 7 98 27 77
5 4 49 7 28 14 47 34 40 5 35 0 46 30 15 1 8 13 42 41 30 13 22
133 6 180 167 77 27 82 31 56 79 130 174 75 188 17 80 96 34 149 79 128 3
9
2
2 92 21 93 23 35 65 67 56
23 46 35 33 5 43 46 17 0
108 189 52 124 76 20 30 32
19
13
97 28 17 99 21 39 44 44 74 62 63 82 35 61 67 70 17 62 16
36 14 36 46 36 27 35 23 44 38 22 35 35 2 4 36 23 43 31
68 72 92 112 83 59 173 182 33 78 81 133 33 35 149 47 105 97
10
2
28 28 35 65 66 38 20 2 13 65
35 33 37 28 18 41 10 16 12 12
23 137 174 119 172 130 165 84 34
22
6
2 5 88 67 71 26 39 25 40 57 61 25 94 91 45 85 4 13 49 16 95 50
47 33 1 35 22 40 8 48 43 12 3 32 30 26 10 21 4 2 28 15 27 22
45 39 118 9 153 164 14 160 26 63 94 187 50 64 111 71 142 121 133 138 83
4
12
94 92 79 47
20 46 26 45
38 184 77
15
16
15 98 26 76 29 47 90 94 90 45 20 32 45 57 29
29 27 4 23 19 34 22 42 30 49 39 35 2 45 5
72 98 146 118 106 75 130 173 182 12 94 38 36 71
20
5
5 90 29 78 61 13 51 3 93 52 92 31 4 38 38 99 51 95 20 92
32 43 24 15 5 3 16 0 27 29 25 34 19 4 13 30 19 16 34 12
191 163 20 135 9 150 22 144 170 90 65 8 96 157 91 177 87 83 101
23
6
21 6 94 27 21 77 46 87 63 11 57 41 6 83 62 92 8 81 73 53 45 88 44
34 18 40 26 16 39 47 42 10 3 38 40 24 17 36 13 30 49 22 24 6 5 36
31 132 170 8 154 180 56 78 154 66 51 86 158 124 39 96 162 143 101 144 107 138
6
11
34 87 42 60 93 50
46 45 15 15 20 36
161 90 125 186 155
8
15
24 61 33 19 70 15 55 22
19 11 10 41 47 47 36 7
36 53 172 127 138 153 162
18
10
98 96 82 21 10 41 45 71 26 16 93 41 24 15 62 85 77 54
32 27 40 39 20 28 44 10 31 12 23 25 13 24 21 46 47 33
192 187 55 54 159 13 111 127 188 21 164 114 83 76 141 51 27
4
7
40 6 28 3
32 3 18 6
4 113 106
0
