200
67
56
34
82
70
62
92
41
81
60
29
53
55
75
23
54
90
12
64
19
11
63
57
59
37
48
97
94
84
42
36
17
15
35
6
79
14
24
93
98
26
4
91
85
49
89
87
65
13
45
72
69
66
74
73
44
50
68
40
78
86
9
31
58
46
32
25
8
47
100
1
10
30
20
22
18
61
83
88
5
51
7
39
80
43
38
99
16
2
76
96
33
27
21
3
71
28
77
95
52
24985
78188
21430
10120
113608
80249
126976
91038
74035
125270
124272
16517
25473
64474
54983
5239
86079
24972
114195
91374
52086
48291
4375
12992
46137
100042
104006
98937
121257
75548
112882
114914
54570
2101
128511
39658
127205
112103
19209
120657
91203
20913
93889
17107
100086
5545
9142
83300
17687
62920
8977610922637
16828866159299
61610397694268
1067845999162
21392043556172
36145253977148
63455179590212
30867381216296
48521761753442
61397314950442
23787713232077
50953605720529
30839425423076
35666114876319
70335489817024
41942722503166
63641990243032
59028739557975
41451306900642
49074798205822
63580460075626
13869736517748
8433566930357
39114314369085
60758752054569
43083365067392
30379879503334
65492067716256
19267478291231
33493395657847
29295975885008
40315283961324
69055454672736
34987833283067
4213519626653
47157657856147
4668716236700
53374997206944
2293253685866
63812914932007
31365301120709
45472837817085
4692270493851
69729096913545
2482742709
9818403687453
12965187203383
45650238978036
42896699971951
45903159470704

