4000
1000000000000 1
1000000000000 42
999999999999 1
999999999999 68
999999999998 1
999999999998 35
999999999997 1
999999999997 1
999999999996 1
999999999996 70
999999999995 1
999999999995 25
999999999994 1
999999999994 79
999999999993 1
999999999993 59
999999999992 1
999999999992 63
999999999991 1
999999999991 65
999999999990 1
999999999990 6
999999999989 1
999999999989 46
999999999988 1
999999999988 82
999999999987 1
999999999987 28
999999999986 1
999999999986 62
999999999985 1
999999999985 92
999999999984 1
999999999984 96
999999999983 1
999999999983 43
999999999982 1
999999999982 28
999999999981 1
999999999981 37
999999999980 1
999999999980 92
999999999979 1
999999999979 5
999999999978 1
999999999978 3
999999999977 1
999999999977 54
999999999976 1
999999999976 93
999999999975 1
999999999975 83
999999999974 1
999999999974 22
999999999973 1
999999999973 17
999999999972 1
999999999972 19
999999999971 1
999999999971 96
999999999970 1
999999999970 48
999999999969 1
999999999969 27
999999999968 1
999999999968 72
999999999967 1
999999999967 39
999999999966 1
999999999966 70
999999999965 1
999999999965 13
999999999964 1
999999999964 68
999999999963 1
999999999963 100
999999999962 1
999999999962 36
999999999961 1
999999999961 95
999999999960 1
999999999960 4
999999999959 1
999999999959 12
999999999958 1
999999999958 23
999999999957 1
999999999957 34
999999999956 1
999999999956 74
999999999955 1
999999999955 65
999999999954 1
999999999954 42
999999999953 1
999999999953 12
999999999952 1
999999999952 54
999999999951 1
999999999951 69
999999999950 1
999999999950 48
999999999949 1
999999999949 45
999999999948 1
999999999948 63
999999999947 1
999999999947 58
999999999946 1
999999999946 38
999999999945 1
999999999945 60
999999999944 1
999999999944 24
999999999943 1
999999999943 42
999999999942 1
999999999942 30
999999999941 1
999999999941 79
999999999940 1
999999999940 17
999999999939 1
999999999939 36
999999999938 1
999999999938 91
999999999937 1
999999999937 43
999999999936 1
999999999936 89
999999999935 1
999999999935 7
999999999934 1
999999999934 41
999999999933 1
999999999933 43
999999999932 1
999999999932 65
999999999931 1
999999999931 49
999999999930 1
999999999930 47
999999999929 1
999999999929 6
999999999928 1
999999999928 91
999999999927 1
999999999927 30
999999999926 1
999999999926 71
999999999925 1
999999999925 51
999999999924 1
999999999924 7
999999999923 1
999999999923 2
999999999922 1
999999999922 94
999999999921 1
999999999921 49
999999999920 1
999999999920 30
999999999919 1
999999999919 24
999999999918 1
999999999918 85
999999999917 1
999999999917 55
999999999916 1
999999999916 57
999999999915 1
999999999915 41
999999999914 1
999999999914 67
999999999913 1
999999999913 77
999999999912 1
999999999912 32
999999999911 1
999999999911 9
999999999910 1
999999999910 45
999999999909 1
999999999909 40
999999999908 1
999999999908 27
999999999907 1
999999999907 24
999999999906 1
999999999906 38
999999999905 1
999999999905 39
999999999904 1
999999999904 19
999999999903 1
999999999903 83
999999999902 1
999999999902 30
999999999901 1
999999999901 42
999999999900 1
999999999900 34
999999999899 1
999999999899 16
999999999898 1
999999999898 40
999999999897 1
999999999897 59
999999999896 1
999999999896 5
999999999895 1
999999999895 31
999999999894 1
999999999894 78
999999999893 1
999999999893 7
999999999892 1
999999999892 74
999999999891 1
999999999891 87
999999999890 1
999999999890 22
999999999889 1
999999999889 46
999999999888 1
999999999888 25
999999999887 1
999999999887 73
999999999886 1
999999999886 71
999999999885 1
999999999885 30
999999999884 1
999999999884 78
999999999883 1
999999999883 74
999999999882 1
999999999882 98
999999999881 1
999999999881 13
999999999880 1
999999999880 87
999999999879 1
999999999879 91
999999999878 1
999999999878 62
999999999877 1
999999999877 37
999999999876 1
999999999876 56
999999999875 1
999999999875 68
999999999874 1
999999999874 56
999999999873 1
999999999873 75
999999999872 1
999999999872 32
999999999871 1
999999999871 53
999999999870 1
999999999870 51
999999999869 1
999999999869 51
999999999868 1
999999999868 42
999999999867 1
999999999867 25
999999999866 1
999999999866 67
999999999865 1
999999999865 31
999999999864 1
999999999864 8
999999999863 1
999999999863 92
999999999862 1
999999999862 8
999999999861 1
999999999861 38
999999999860 1
999999999860 58
999999999859 1
999999999859 88
999999999858 1
999999999858 54
999999999857 1
999999999857 84
999999999856 1
999999999856 46
999999999855 1
999999999855 10
999999999854 1
999999999854 10
999999999853 1
999999999853 59
999999999852 1
999999999852 22
999999999851 1
999999999851 89
999999999850 1
999999999850 23
999999999849 1
999999999849 47
999999999848 1
999999999848 7
999999999847 1
999999999847 31
999999999846 1
999999999846 14
999999999845 1
999999999845 69
999999999844 1
999999999844 1
999999999843 1
999999999843 92
999999999842 1
999999999842 63
999999999841 1
999999999841 56
999999999840 1
999999999840 11
999999999839 1
999999999839 60
999999999838 1
999999999838 25
999999999837 1
999999999837 38
999999999836 1
999999999836 49
999999999835 1
999999999835 84
999999999834 1
999999999834 96
999999999833 1
999999999833 42
999999999832 1
999999999832 3
999999999831 1
999999999831 51
999999999830 1
999999999830 92
999999999829 1
999999999829 37
999999999828 1
999999999828 75
999999999827 1
999999999827 21
999999999826 1
999999999826 97
999999999825 1
999999999825 22
999999999824 1
999999999824 49
999999999823 1
999999999823 100
999999999822 1
999999999822 69
999999999821 1
999999999821 85
999999999820 1
999999999820 82
999999999819 1
999999999819 35
999999999818 1
999999999818 54
999999999817 1
999999999817 100
999999999816 1
999999999816 19
999999999815 1
999999999815 39
999999999814 1
999999999814 1
999999999813 1
999999999813 89
999999999812 1
999999999812 28
999999999811 1
999999999811 68
999999999810 1
999999999810 29
999999999809 1
999999999809 94
999999999808 1
999999999808 49
999999999807 1
999999999807 84
999999999806 1
999999999806 8
999999999805 1
999999999805 22
999999999804 1
999999999804 11
999999999803 1
999999999803 18
999999999802 1
999999999802 14
999999999801 1
999999999801 15
999999999800 1
999999999800 10
999999999799 1
999999999799 17
999999999798 1
999999999798 36
999999999797 1
999999999797 52
999999999796 1
999999999796 1
999999999795 1
999999999795 50
999999999794 1
999999999794 20
999999999793 1
999999999793 57
999999999792 1
999999999792 99
999999999791 1
999999999791 4
999999999790 1
999999999790 25
999999999789 1
999999999789 9
999999999788 1
999999999788 45
999999999787 1
999999999787 10
999999999786 1
999999999786 90
999999999785 1
999999999785 3
999999999784 1
999999999784 96
999999999783 1
999999999783 86
999999999782 1
999999999782 94
999999999781 1
999999999781 44
999999999780 1
999999999780 24
999999999779 1
999999999779 88
999999999778 1
999999999778 15
999999999777 1
999999999777 4
999999999776 1
999999999776 49
999999999775 1
999999999775 1
999999999774 1
999999999774 59
999999999773 1
999999999773 19
999999999772 1
999999999772 81
999999999771 1
999999999771 97
999999999770 1
999999999770 99
999999999769 1
999999999769 82
999999999768 1
999999999768 90
999999999767 1
999999999767 99
999999999766 1
999999999766 10
999999999765 1
999999999765 58
999999999764 1
999999999764 73
999999999763 1
999999999763 23
999999999762 1
999999999762 39
999999999761 1
999999999761 93
999999999760 1
999999999760 39
999999999759 1
999999999759 80
999999999758 1
999999999758 91
999999999757 1
999999999757 58
999999999756 1
999999999756 59
999999999755 1
999999999755 92
999999999754 1
999999999754 16
999999999753 1
999999999753 89
999999999752 1
999999999752 57
999999999751 1
999999999751 12
999999999750 1
999999999750 3
999999999749 1
999999999749 35
999999999748 1
999999999748 73
999999999747 1
999999999747 56
999999999746 1
999999999746 29
999999999745 1
999999999745 47
999999999744 1
999999999744 63
999999999743 1
999999999743 87
999999999742 1
999999999742 76
999999999741 1
999999999741 34
999999999740 1
999999999740 70
999999999739 1
999999999739 43
999999999738 1
999999999738 45
999999999737 1
999999999737 17
999999999736 1
999999999736 82
999999999735 1
999999999735 99
999999999734 1
999999999734 23
999999999733 1
999999999733 52
999999999732 1
999999999732 22
999999999731 1
999999999731 100
999999999730 1
999999999730 58
999999999729 1
999999999729 77
999999999728 1
999999999728 93
999999999727 1
999999999727 90
999999999726 1
999999999726 76
999999999725 1
999999999725 13
999999999724 1
999999999724 1
999999999723 1
999999999723 11
999999999722 1
999999999722 4
999999999721 1
999999999721 70
999999999720 1
999999999720 62
999999999719 1
999999999719 89
999999999718 1
999999999718 2
999999999717 1
999999999717 90
999999999716 1
999999999716 56
999999999715 1
999999999715 24
999999999714 1
999999999714 3
999999999713 1
999999999713 86
999999999712 1
999999999712 83
999999999711 1
999999999711 86
999999999710 1
999999999710 89
999999999709 1
999999999709 27
999999999708 1
999999999708 18
999999999707 1
999999999707 58
999999999706 1
999999999706 33
999999999705 1
999999999705 33
999999999704 1
999999999704 70
999999999703 1
999999999703 55
999999999702 1
999999999702 22
999999999701 1
999999999701 90
999999999700 1
999999999700 77
999999999699 1
999999999699 30
999999999698 1
999999999698 69
999999999697 1
999999999697 93
999999999696 1
999999999696 26
999999999695 1
999999999695 56
999999999694 1
999999999694 35
999999999693 1
999999999693 50
999999999692 1
999999999692 42
999999999691 1
999999999691 13
999999999690 1
999999999690 46
999999999689 1
999999999689 61
999999999688 1
999999999688 19
999999999687 1
999999999687 54
999999999686 1
999999999686 40
999999999685 1
999999999685 24
999999999684 1
999999999684 80
999999999683 1
999999999683 97
999999999682 1
999999999682 88
999999999681 1
999999999681 30
999999999680 1
999999999680 50
999999999679 1
999999999679 38
999999999678 1
999999999678 67
999999999677 1
999999999677 50
999999999676 1
999999999676 94
999999999675 1
999999999675 96
999999999674 1
999999999674 98
999999999673 1
999999999673 17
999999999672 1
999999999672 87
999999999671 1
999999999671 6
999999999670 1
999999999670 89
999999999669 1
999999999669 83
999999999668 1
999999999668 56
999999999667 1
999999999667 35
999999999666 1
999999999666 15
999999999665 1
999999999665 2
999999999664 1
999999999664 17
999999999663 1
999999999663 72
999999999662 1
999999999662 87
999999999661 1
999999999661 64
999999999660 1
999999999660 14
999999999659 1
999999999659 56
999999999658 1
999999999658 86
999999999657 1
999999999657 54
999999999656 1
999999999656 13
999999999655 1
999999999655 9
999999999654 1
999999999654 33
999999999653 1
999999999653 46
999999999652 1
999999999652 14
999999999651 1
999999999651 57
999999999650 1
999999999650 22
999999999649 1
999999999649 59
999999999648 1
999999999648 47
999999999647 1
999999999647 83
999999999646 1
999999999646 82
999999999645 1
999999999645 45
999999999644 1
999999999644 97
999999999643 1
999999999643 23
999999999642 1
999999999642 30
999999999641 1
999999999641 62
999999999640 1
999999999640 36
999999999639 1
999999999639 51
999999999638 1
999999999638 74
999999999637 1
999999999637 67
999999999636 1
999999999636 45
999999999635 1
999999999635 60
999999999634 1
999999999634 93
999999999633 1
999999999633 40
999999999632 1
999999999632 54
999999999631 1
999999999631 25
999999999630 1
999999999630 55
999999999629 1
999999999629 11
999999999628 1
999999999628 46
999999999627 1
999999999627 50
999999999626 1
999999999626 87
999999999625 1
999999999625 14
999999999624 1
999999999624 75
999999999623 1
999999999623 23
999999999622 1
999999999622 69
999999999621 1
999999999621 19
999999999620 1
999999999620 88
999999999619 1
999999999619 6
999999999618 1
999999999618 59
999999999617 1
999999999617 92
999999999616 1
999999999616 3
999999999615 1
999999999615 26
999999999614 1
999999999614 78
999999999613 1
999999999613 15
999999999612 1
999999999612 15
999999999611 1
999999999611 25
999999999610 1
999999999610 35
999999999609 1
999999999609 75
999999999608 1
999999999608 73
999999999607 1
999999999607 60
999999999606 1
999999999606 34
999999999605 1
999999999605 71
999999999604 1
999999999604 88
999999999603 1
999999999603 98
999999999602 1
999999999602 19
999999999601 1
999999999601 78
999999999600 1
999999999600 74
999999999599 1
999999999599 71
999999999598 1
999999999598 64
999999999597 1
999999999597 69
999999999596 1
999999999596 93
999999999595 1
999999999595 86
999999999594 1
999999999594 3
999999999593 1
999999999593 81
999999999592 1
999999999592 14
999999999591 1
999999999591 28
999999999590 1
999999999590 3
999999999589 1
999999999589 100
999999999588 1
999999999588 28
999999999587 1
999999999587 26
999999999586 1
999999999586 44
999999999585 1
999999999585 25
999999999584 1
999999999584 24
999999999583 1
999999999583 73
999999999582 1
999999999582 62
999999999581 1
999999999581 82
999999999580 1
999999999580 4
999999999579 1
999999999579 33
999999999578 1
999999999578 6
999999999577 1
999999999577 94
999999999576 1
999999999576 26
999999999575 1
999999999575 32
999999999574 1
999999999574 93
999999999573 1
999999999573 43
999999999572 1
999999999572 23
999999999571 1
999999999571 87
999999999570 1
999999999570 65
999999999569 1
999999999569 1
999999999568 1
999999999568 88
999999999567 1
999999999567 61
999999999566 1
999999999566 14
999999999565 1
999999999565 75
999999999564 1
999999999564 71
999999999563 1
999999999563 71
999999999562 1
999999999562 36
999999999561 1
999999999561 34
999999999560 1
999999999560 12
999999999559 1
999999999559 61
999999999558 1
999999999558 97
999999999557 1
999999999557 68
999999999556 1
999999999556 86
999999999555 1
999999999555 51
999999999554 1
999999999554 41
999999999553 1
999999999553 95
999999999552 1
999999999552 96
999999999551 1
999999999551 25
999999999550 1
999999999550 20
999999999549 1
999999999549 26
999999999548 1
999999999548 77
999999999547 1
999999999547 95
999999999546 1
999999999546 59
999999999545 1
999999999545 3
999999999544 1
999999999544 72
999999999543 1
999999999543 67
999999999542 1
999999999542 79
999999999541 1
999999999541 94
999999999540 1
999999999540 52
999999999539 1
999999999539 85
999999999538 1
999999999538 19
999999999537 1
999999999537 65
999999999536 1
999999999536 20
999999999535 1
999999999535 53
999999999534 1
999999999534 1
999999999533 1
999999999533 88
999999999532 1
999999999532 61
999999999531 1
999999999531 27
999999999530 1
999999999530 11
999999999529 1
999999999529 58
999999999528 1
999999999528 71
999999999527 1
999999999527 16
999999999526 1
999999999526 77
999999999525 1
999999999525 28
999999999524 1
999999999524 44
999999999523 1
999999999523 59
999999999522 1
999999999522 65
999999999521 1
999999999521 10
999999999520 1
999999999520 83
999999999519 1
999999999519 87
999999999518 1
999999999518 66
999999999517 1
999999999517 88
999999999516 1
999999999516 78
999999999515 1
999999999515 75
999999999514 1
999999999514 26
999999999513 1
999999999513 28
999999999512 1
999999999512 30
999999999511 1
999999999511 29
999999999510 1
999999999510 24
999999999509 1
999999999509 21
999999999508 1
999999999508 3
999999999507 1
999999999507 63
999999999506 1
999999999506 24
999999999505 1
999999999505 97
999999999504 1
999999999504 38
999999999503 1
999999999503 62
999999999502 1
999999999502 96
999999999501 1
999999999501 26
999999999500 1
999999999500 65
999999999499 1
999999999499 61
999999999498 1
999999999498 3
999999999497 1
999999999497 17
999999999496 1
999999999496 31
999999999495 1
999999999495 27
999999999494 1
999999999494 12
999999999493 1
999999999493 72
999999999492 1
999999999492 12
999999999491 1
999999999491 48
999999999490 1
999999999490 54
999999999489 1
999999999489 21
999999999488 1
999999999488 91
999999999487 1
999999999487 25
999999999486 1
999999999486 89
999999999485 1
999999999485 64
999999999484 1
999999999484 41
999999999483 1
999999999483 52
999999999482 1
999999999482 63
999999999481 1
999999999481 30
999999999480 1
999999999480 1
999999999479 1
999999999479 14
999999999478 1
999999999478 59
999999999477 1
999999999477 79
999999999476 1
999999999476 66
999999999475 1
999999999475 8
999999999474 1
999999999474 78
999999999473 1
999999999473 1
999999999472 1
999999999472 59
999999999471 1
999999999471 40
999999999470 1
999999999470 4
999999999469 1
999999999469 61
999999999468 1
999999999468 58
999999999467 1
999999999467 25
999999999466 1
999999999466 78
999999999465 1
999999999465 9
999999999464 1
999999999464 14
999999999463 1
999999999463 88
999999999462 1
999999999462 2
999999999461 1
999999999461 51
999999999460 1
999999999460 61
999999999459 1
999999999459 29
999999999458 1
999999999458 94
999999999457 1
999999999457 85
999999999456 1
999999999456 6
999999999455 1
999999999455 41
999999999454 1
999999999454 12
999999999453 1
999999999453 5
999999999452 1
999999999452 36
999999999451 1
999999999451 57
999999999450 1
999999999450 73
999999999449 1
999999999449 51
999999999448 1
999999999448 24
999999999447 1
999999999447 86
999999999446 1
999999999446 57
999999999445 1
999999999445 17
999999999444 1
999999999444 27
999999999443 1
999999999443 58
999999999442 1
999999999442 27
999999999441 1
999999999441 58
999999999440 1
999999999440 38
999999999439 1
999999999439 72
999999999438 1
999999999438 70
999999999437 1
999999999437 62
999999999436 1
999999999436 97
999999999435 1
999999999435 23
999999999434 1
999999999434 18
999999999433 1
999999999433 13
999999999432 1
999999999432 18
999999999431 1
999999999431 97
999999999430 1
999999999430 86
999999999429 1
999999999429 42
999999999428 1
999999999428 24
999999999427 1
999999999427 30
999999999426 1
999999999426 30
999999999425 1
999999999425 66
999999999424 1
999999999424 60
999999999423 1
999999999423 33
999999999422 1
999999999422 97
999999999421 1
999999999421 56
999999999420 1
999999999420 54
999999999419 1
999999999419 63
999999999418 1
999999999418 85
999999999417 1
999999999417 35
999999999416 1
999999999416 55
999999999415 1
999999999415 73
999999999414 1
999999999414 58
999999999413 1
999999999413 70
999999999412 1
999999999412 33
999999999411 1
999999999411 64
999999999410 1
999999999410 8
999999999409 1
999999999409 84
999999999408 1
999999999408 12
999999999407 1
999999999407 36
999999999406 1
999999999406 68
999999999405 1
999999999405 49
999999999404 1
999999999404 76
999999999403 1
999999999403 39
999999999402 1
999999999402 24
999999999401 1
999999999401 43
999999999400 1
999999999400 55
999999999399 1
999999999399 12
999999999398 1
999999999398 42
999999999397 1
999999999397 76
999999999396 1
999999999396 60
999999999395 1
999999999395 26
999999999394 1
999999999394 22
999999999393 1
999999999393 71
999999999392 1
999999999392 27
999999999391 1
999999999391 35
999999999390 1
999999999390 6
999999999389 1
999999999389 84
999999999388 1
999999999388 51
999999999387 1
999999999387 99
999999999386 1
999999999386 80
999999999385 1
999999999385 2
999999999384 1
999999999384 94
999999999383 1
999999999383 35
999999999382 1
999999999382 38
999999999381 1
999999999381 35
999999999380 1
999999999380 57
999999999379 1
999999999379 94
999999999378 1
999999999378 77
999999999377 1
999999999377 6
999999999376 1
999999999376 63
999999999375 1
999999999375 49
999999999374 1
999999999374 82
999999999373 1
999999999373 1
999999999372 1
999999999372 14
999999999371 1
999999999371 42
999999999370 1
999999999370 56
999999999369 1
999999999369 56
999999999368 1
999999999368 43
999999999367 1
999999999367 63
999999999366 1
999999999366 12
999999999365 1
999999999365 78
999999999364 1
999999999364 25
999999999363 1
999999999363 79
999999999362 1
999999999362 53
999999999361 1
999999999361 44
999999999360 1
999999999360 97
999999999359 1
999999999359 74
999999999358 1
999999999358 41
999999999357 1
999999999357 14
999999999356 1
999999999356 76
999999999355 1
999999999355 73
999999999354 1
999999999354 19
999999999353 1
999999999353 11
999999999352 1
999999999352 18
999999999351 1
999999999351 33
999999999350 1
999999999350 13
999999999349 1
999999999349 96
999999999348 1
999999999348 70
999999999347 1
999999999347 32
999999999346 1
999999999346 41
999999999345 1
999999999345 89
999999999344 1
999999999344 86
999999999343 1
999999999343 91
999999999342 1
999999999342 98
999999999341 1
999999999341 90
999999999340 1
999999999340 91
999999999339 1
999999999339 46
999999999338 1
999999999338 54
999999999337 1
999999999337 15
999999999336 1
999999999336 52
999999999335 1
999999999335 41
999999999334 1
999999999334 45
999999999333 1
999999999333 59
999999999332 1
999999999332 36
999999999331 1
999999999331 60
999999999330 1
999999999330 93
999999999329 1
999999999329 6
999999999328 1
999999999328 65
999999999327 1
999999999327 82
999999999326 1
999999999326 4
999999999325 1
999999999325 30
999999999324 1
999999999324 76
999999999323 1
999999999323 9
999999999322 1
999999999322 93
999999999321 1
999999999321 98
999999999320 1
999999999320 50
999999999319 1
999999999319 57
999999999318 1
999999999318 62
999999999317 1
999999999317 28
999999999316 1
999999999316 68
999999999315 1
999999999315 42
999999999314 1
999999999314 30
999999999313 1
999999999313 41
999999999312 1
999999999312 14
999999999311 1
999999999311 75
999999999310 1
999999999310 2
999999999309 1
999999999309 78
999999999308 1
999999999308 16
999999999307 1
999999999307 84
999999999306 1
999999999306 14
999999999305 1
999999999305 93
999999999304 1
999999999304 25
999999999303 1
999999999303 2
999999999302 1
999999999302 93
999999999301 1
999999999301 60
999999999300 1
999999999300 71
999999999299 1
999999999299 29
999999999298 1
999999999298 28
999999999297 1
999999999297 85
999999999296 1
999999999296 76
999999999295 1
999999999295 87
999999999294 1
999999999294 99
999999999293 1
999999999293 71
999999999292 1
999999999292 88
999999999291 1
999999999291 48
999999999290 1
999999999290 5
999999999289 1
999999999289 4
999999999288 1
999999999288 22
999999999287 1
999999999287 64
999999999286 1
999999999286 7
999999999285 1
999999999285 64
999999999284 1
999999999284 11
999999999283 1
999999999283 72
999999999282 1
999999999282 90
999999999281 1
999999999281 41
999999999280 1
999999999280 65
999999999279 1
999999999279 43
999999999278 1
999999999278 20
999999999277 1
999999999277 14
999999999276 1
999999999276 92
999999999275 1
999999999275 5
999999999274 1
999999999274 19
999999999273 1
999999999273 33
999999999272 1
999999999272 51
999999999271 1
999999999271 6
999999999270 1
999999999270 76
999999999269 1
999999999269 40
999999999268 1
999999999268 4
999999999267 1
999999999267 23
999999999266 1
999999999266 99
999999999265 1
999999999265 48
999999999264 1
999999999264 85
999999999263 1
999999999263 49
999999999262 1
999999999262 72
999999999261 1
999999999261 65
999999999260 1
999999999260 14
999999999259 1
999999999259 76
999999999258 1
999999999258 46
999999999257 1
999999999257 13
999999999256 1
999999999256 47
999999999255 1
999999999255 79
999999999254 1
999999999254 70
999999999253 1
999999999253 63
999999999252 1
999999999252 20
999999999251 1
999999999251 86
999999999250 1
999999999250 90
999999999249 1
999999999249 45
999999999248 1
999999999248 66
999999999247 1
999999999247 41
999999999246 1
999999999246 46
999999999245 1
999999999245 9
999999999244 1
999999999244 19
999999999243 1
999999999243 71
999999999242 1
999999999242 2
999999999241 1
999999999241 24
999999999240 1
999999999240 33
999999999239 1
999999999239 73
999999999238 1
999999999238 53
999999999237 1
999999999237 88
999999999236 1
999999999236 71
999999999235 1
999999999235 64
999999999234 1
999999999234 2
999999999233 1
999999999233 4
999999999232 1
999999999232 24
999999999231 1
999999999231 28
999999999230 1
999999999230 1
999999999229 1
999999999229 70
999999999228 1
999999999228 16
999999999227 1
999999999227 66
999999999226 1
999999999226 29
999999999225 1
999999999225 44
999999999224 1
999999999224 48
999999999223 1
999999999223 89
999999999222 1
999999999222 44
999999999221 1
999999999221 38
999999999220 1
999999999220 10
999999999219 1
999999999219 64
999999999218 1
999999999218 50
999999999217 1
999999999217 82
999999999216 1
999999999216 89
999999999215 1
999999999215 43
999999999214 1
999999999214 9
999999999213 1
999999999213 61
999999999212 1
999999999212 22
999999999211 1
999999999211 59
999999999210 1
999999999210 55
999999999209 1
999999999209 89
999999999208 1
999999999208 47
999999999207 1
999999999207 91
999999999206 1
999999999206 50
999999999205 1
999999999205 44
999999999204 1
999999999204 31
999999999203 1
999999999203 21
999999999202 1
999999999202 49
999999999201 1
999999999201 68
999999999200 1
999999999200 37
999999999199 1
999999999199 84
999999999198 1
999999999198 36
999999999197 1
999999999197 27
999999999196 1
999999999196 86
999999999195 1
999999999195 39
999999999194 1
999999999194 54
999999999193 1
999999999193 30
999999999192 1
999999999192 25
999999999191 1
999999999191 49
999999999190 1
999999999190 24
999999999189 1
999999999189 60
999999999188 1
999999999188 58
999999999187 1
999999999187 67
999999999186 1
999999999186 45
999999999185 1
999999999185 56
999999999184 1
999999999184 19
999999999183 1
999999999183 27
999999999182 1
999999999182 12
999999999181 1
999999999181 26
999999999180 1
999999999180 56
999999999179 1
999999999179 2
999999999178 1
999999999178 50
999999999177 1
999999999177 97
999999999176 1
999999999176 85
999999999175 1
999999999175 16
999999999174 1
999999999174 65
999999999173 1
999999999173 43
999999999172 1
999999999172 76
999999999171 1
999999999171 14
999999999170 1
999999999170 43
999999999169 1
999999999169 97
999999999168 1
999999999168 49
999999999167 1
999999999167 73
999999999166 1
999999999166 27
999999999165 1
999999999165 7
999999999164 1
999999999164 74
999999999163 1
999999999163 30
999999999162 1
999999999162 5
999999999161 1
999999999161 6
999999999160 1
999999999160 27
999999999159 1
999999999159 13
999999999158 1
999999999158 76
999999999157 1
999999999157 94
999999999156 1
999999999156 66
999999999155 1
999999999155 37
999999999154 1
999999999154 37
999999999153 1
999999999153 42
999999999152 1
999999999152 15
999999999151 1
999999999151 95
999999999150 1
999999999150 57
999999999149 1
999999999149 53
999999999148 1
999999999148 37
999999999147 1
999999999147 39
999999999146 1
999999999146 83
999999999145 1
999999999145 56
999999999144 1
999999999144 16
999999999143 1
999999999143 32
999999999142 1
999999999142 31
999999999141 1
999999999141 42
999999999140 1
999999999140 26
999999999139 1
999999999139 12
999999999138 1
999999999138 38
999999999137 1
999999999137 87
999999999136 1
999999999136 91
999999999135 1
999999999135 51
999999999134 1
999999999134 63
999999999133 1
999999999133 35
999999999132 1
999999999132 94
999999999131 1
999999999131 54
999999999130 1
999999999130 17
999999999129 1
999999999129 53
999999999128 1
999999999128 9
999999999127 1
999999999127 63
999999999126 1
999999999126 34
999999999125 1
999999999125 55
999999999124 1
999999999124 4
999999999123 1
999999999123 35
999999999122 1
999999999122 4
999999999121 1
999999999121 57
999999999120 1
999999999120 49
999999999119 1
999999999119 25
999999999118 1
999999999118 18
999999999117 1
999999999117 14
999999999116 1
999999999116 10
999999999115 1
999999999115 29
999999999114 1
999999999114 1
999999999113 1
999999999113 81
999999999112 1
999999999112 19
999999999111 1
999999999111 59
999999999110 1
999999999110 51
999999999109 1
999999999109 56
999999999108 1
999999999108 62
999999999107 1
999999999107 65
999999999106 1
999999999106 4
999999999105 1
999999999105 77
999999999104 1
999999999104 44
999999999103 1
999999999103 10
999999999102 1
999999999102 3
999999999101 1
999999999101 62
999999999100 1
999999999100 90
999999999099 1
999999999099 49
999999999098 1
999999999098 83
999999999097 1
999999999097 54
999999999096 1
999999999096 75
999999999095 1
999999999095 21
999999999094 1
999999999094 3
999999999093 1
999999999093 24
999999999092 1
999999999092 32
999999999091 1
999999999091 70
999999999090 1
999999999090 79
999999999089 1
999999999089 60
999999999088 1
999999999088 9
999999999087 1
999999999087 20
999999999086 1
999999999086 72
999999999085 1
999999999085 4
999999999084 1
999999999084 46
999999999083 1
999999999083 82
999999999082 1
999999999082 5
999999999081 1
999999999081 93
999999999080 1
999999999080 86
999999999079 1
999999999079 14
999999999078 1
999999999078 99
999999999077 1
999999999077 90
999999999076 1
999999999076 23
999999999075 1
999999999075 39
999999999074 1
999999999074 38
999999999073 1
999999999073 11
999999999072 1
999999999072 62
999999999071 1
999999999071 35
999999999070 1
999999999070 9
999999999069 1
999999999069 62
999999999068 1
999999999068 60
999999999067 1
999999999067 94
999999999066 1
999999999066 16
999999999065 1
999999999065 70
999999999064 1
999999999064 38
999999999063 1
999999999063 70
999999999062 1
999999999062 59
999999999061 1
999999999061 1
999999999060 1
999999999060 72
999999999059 1
999999999059 65
999999999058 1
999999999058 18
999999999057 1
999999999057 16
999999999056 1
999999999056 56
999999999055 1
999999999055 16
999999999054 1
999999999054 31
999999999053 1
999999999053 40
999999999052 1
999999999052 13
999999999051 1
999999999051 89
999999999050 1
999999999050 83
999999999049 1
999999999049 55
999999999048 1
999999999048 86
999999999047 1
999999999047 11
999999999046 1
999999999046 85
999999999045 1
999999999045 75
999999999044 1
999999999044 81
999999999043 1
999999999043 16
999999999042 1
999999999042 52
999999999041 1
999999999041 42
999999999040 1
999999999040 16
999999999039 1
999999999039 80
999999999038 1
999999999038 11
999999999037 1
999999999037 99
999999999036 1
999999999036 74
999999999035 1
999999999035 89
999999999034 1
999999999034 78
999999999033 1
999999999033 33
999999999032 1
999999999032 57
999999999031 1
999999999031 90
999999999030 1
999999999030 14
999999999029 1
999999999029 9
999999999028 1
999999999028 42
999999999027 1
999999999027 91
999999999026 1
999999999026 24
999999999025 1
999999999025 64
999999999024 1
999999999024 29
999999999023 1
999999999023 85
999999999022 1
999999999022 79
999999999021 1
999999999021 1
999999999020 1
999999999020 72
999999999019 1
999999999019 86
999999999018 1
999999999018 75
999999999017 1
999999999017 72
999999999016 1
999999999016 34
999999999015 1
999999999015 68
999999999014 1
999999999014 54
999999999013 1
999999999013 96
999999999012 1
999999999012 69
999999999011 1
999999999011 26
999999999010 1
999999999010 77
999999999009 1
999999999009 30
999999999008 1
999999999008 51
999999999007 1
999999999007 99
999999999006 1
999999999006 10
999999999005 1
999999999005 94
999999999004 1
999999999004 87
999999999003 1
999999999003 81
999999999002 1
999999999002 17
999999999001 1
999999999001 50
999999999000 1
999999999000 68
1 1
2 1
100 11
36 6
36 5
36 3
2000000000 100
2000000000 10011
2000000000 100000
2000000000 2000000000
2000000000 1000000000
1000000000000 100
1000000000000 10
1000000000000 1000
1000000000000 100000
1000000000000 10000
1000000000000 1000000
1000000000000 100000000
112344300000 10
1 1
711082229760 10
713276928000 3
967292928000 47
440990880000 38
640120320000 62
563576832000 63
518192640000 87
371685600000 35
528190709760 4
744629760000 9
958926276000 35
826660074240 23
748940774400 79
870286032000 92
569876186880 83
695445004800 19
335591424000 13
416494286208 100
681135436800 90
636134877000 60
973424874240 73
726765177600 53
769824000000 36
918172584000 22
851746764960 17
641586528000 57
713551265280 22
628992000000 61
408648240000 92
859541760000 89
860047372800 4
704471040000 99
576875098800 98
815645376000 99
913711104000 99
611539929000 75
781989120000 33
862055040000 18
756453297600 76
976528742400 30
627056640000 25
520058880000 62
849139200000 73
882161280000 88
582509491200 64
862352179200 58
621444096000 3
717301847808 10
740710656000 39
855448704000 83
523069747200 55
573268307040 65
938233497600 93
661342500000 11
990426528000 28
645566423040 81
770943744000 94
924618240000 2
914457600000 69
633821760000 7
956067840000 18
705729024000 39
627056640000 91
694079971200 84
756523152000 23
763540992000 6
546198073344 86
804722688000 91
762500874240 91
872263954800 89
619783164000 73
750145536000 76
803232460800 83
857813483520 53
524343456000 7
858904300800 82
410408570880 89
837636194304 78
527446080000 88
982406880000 14
880927488000 11
745406232480 14
905836932000 14
324113400000 93
423652965120 4
686407680000 49
628740403200 28
537439795200 60
791169120000 54
839295959040 17
858370867200 84
603793491840 66
711244800000 69
756764467200 20
851856445440 48
921773260800 86
960664320000 59
851558400000 14
737183462400 100
857986668000 81
492727173120 17
912808673280 21
956001446400 62
994692980736 14
732441600000 89
534386160000 86
832094208000 14
737418608640 68
977163264000 20
770593824000 42
764411904000 54
886833360000 4
992839680000 33
744629886000 100
778676976000 57
709933442400 4
662555013120 78
739694592000 61
924973862400 39
983793807360 54
704741990400 27
656377344000 5
591566976000 60
863691079680 13
777288960000 85
937650954240 80
492200755200 90
764539776000 85
449467200000 13
848378880000 49
862202880000 25
491455641600 70
436486050000 6
605509632000 50
780282961920 66
820471680000 26
554906419200 19
608992020000 100
908800155648 29
740275200000 74
702030732480 35
486291405600 60
595458864000 22
572107536000 26
999371520000 13
993832519680 18
902518848000 25
785547655200 84
538920345600 35
861495264000 89
694079971200 2
524040192000 36
367571312640 36
921231360000 40
832359628800 41
924406898688 92
806682240000 19
597155328000 23
747242496000 42
640760440320 1
710106808320 21
595025109000 72
988601822208 67
756449280000 8
685843200000 69
653360904000 28
977163264000 13
940976870400 43
982911283200 16
603688550400 69
499704791040 13
765296896000 21
915372057600 64
866418094080 93
806682240000 52
705729024000 47
517321728000 87
974147328000 16
797817600000 92
821527805952 51
743250816000 48
619277218560 62
534053520000 4
735746457600 92
545073883200 41
728561433600 100
704132352000 34
795690086400 72
782504755200 5
703093996800 36
677613081600 4
551577600000 3
616366080000 24
438506127360 51
920205000000 25
808792024320 41
938233497600 36
636225408000 94
600116428800 76
794271744000 6
760828723200 54
860317286400 7
703261440000 49
741015475200 92
898200576000 50
545073883200 57
965895840000 15
905313024000 68
536946278400 59
552738816000 10
849139200000 50
671846400000 48
605509632000 99
526727577600 64
479698329600 34
585651306240 84
842063040000 66
744383727360 30
545050598400 68
806551603200 80
536864760000 32
880387522560 29
759177619200 47
663075072000 34
510984936000 20
680127840000 86
912703334400 89
656916480000 81
969182172000 82
875674800000 77
882161280000 67
838053216000 33
598512499200 72
824311608120 95
792529920000 78
647740800000 63
936404582400 53
957619998720 88
351436800000 52
734080838400 11
884100096000 66
926650368000 56
660284352000 50
892917043200 48
756583027200 57
730104883200 99
562609152000 60
776654438400 88
415374960000 99
420323904000 82
924323400000 94
558702144000 45
997693562880 64
735746457600 64
745732915200 83
561571841376 87
677499863040 46
628848230400 49
518192640000 72
700207276032 26
463743221760 67
341397504000 53
587284992000 5
768460492800 87
611380224000 78
645235136000 84
959796407808 64
380712960000 42
808315200000 80
888330240000 42
818420500800 78
806294412000 67
710000121600 6
541900800000 73
677613081600 33
438939648000 50
552109068000 39
736985088000 86
987379061760 85
922950991872 23
806415704640 64
507219148800 8
620786073600 89
844374218688 49
741808005120 54
611331840000 22
961701092352 2
724669545600 61
747889459200 2
933604056000 47
687748320000 41
841134294000 10
719906922000 98
864873676800 90
914091816960 15
613526437888 44
829189191600 8
899434368000 64
907370553600 30
812266963200 62
717792768000 57
652922726400 58
800890675200 54
588962949120 80
679311360000 48
886838722560 59
953259893460 99
440339328000 50
414027694080 11
736809615360 39
752903424000 57
998092800000 53
409617285120 13
991043424000 99
441868284000 88
868025548800 78
575355765600 32
732441600000 39
654088659840 61
824790755250 36
517621104000 57
888852787200 61
824878080000 60
523480320000 25
607634227200 65
879446937600 8
696853946880 64
887350464000 25
562940098560 67
603542016000 57
620485459968 52
823996800000 86
990357580800 91
638892334080 65
898200576000 76
914091816960 67
792148896000 25
762575337216 72
917070336000 3
989853696000 36
798870159360 87
520525824000 16
934412371200 97
633346560000 86
709581600000 66
632073093120 12
737790197760 48
988025713920 4
951035904000 12
829730304000 34
614575518480 99
452842790400 4
852797030400 73
511847424000 35
848799544320 47
786515184000 57
513010713600 75
812266963200 43
572655744000 61
683139072000 61
910103040000 89
858574080000 93
718214999040 71
674150400000 35
441447874560 70
740710656000 11
539568086400 83
912320640000 59
994929868800 99
827035453440 81
521289054000 25
958961203200 29
791683200000 29
962923852800 66
816629299200 65
872467200000 11
392773827600 75
812266963200 79
613880467200 84
897924206592 33
997185945600 92
666247680000 85
830759215104 53
722245386240 66
779024563200 16
614515507200 57
909428083200 8
734840346240 56
787005072000 49
880165440000 54
982172973600 54
853851922560 92
736172236800 43
940972032000 34
548992080000 79
923863449600 96
801089243136 98
588205800000 32
784982016000 51
752777625600 65
924872712192 36
815452323840 21
842140800000 71
518497459200 72
566151505920 19
672399360000 92
264910464000 64
928972800000 91
523069747200 93
514174003200 64
692897587200 69
543658106880 31
729737164800 18
528774005760 50
520726026240 78
571307385600 37
665725132800 48
933508800000 11
394655514624 11
749962395000 66
524934432000 89
708267560000 54
583783200000 30
791502243840 43
676657800000 29
646653235200 49
563793592320 27
352864512000 81
890868326400 96
573123600000 80
871782912000 6
772795520640 35
760828723200 98
964874695680 98
588736512000 98
749377474560 42
749318169600 83
885620736000 84
527756342400 35
769698247500 38
939587688000 34
392302310400 3
764411904000 67
535088332800 57
749837088000 49
351151718400 10
830727576000 28
533927116800 9
969570000000 67
800155238400 88
600606720000 13
462086856000 89
917601048000 16
941978419200 7
618173337600 53
806159692800 77
464300605440 48
760586112000 41
996323328000 56
643620978000 98
699840000000 66
732872448000 30
731867136000 69
836075520000 3
852797030400 15
865166702400 86
917070336000 28
587176439850 5
599152619520 67
994612608000 80
914091816960 30
560893132800 4
786387813120 16
622702080000 36
478608480000 97
452362579200 68
837109728000 96
522338181120 33
754427520000 99
602075073600 19
817301422080 32
670333999104 17
684691660800 94
585591552000 95
918540000000 30
659174630400 97
475517952000 93
831477104640 38
978774451200 30
879593904000 84
743438352384 34
871002316800 84
549746190000 25
674575776000 7
860815155200 11
523783260000 77
692965252980 78
529737449472 31
637378560000 37
591769221120 95
866829600000 62
642408505200 10
957381120000 4
858514456800 26
512096256000 49
760828723200 34
819354009600 4
569546588160 79
358267749840 53
968018688000 70
530499715200 64
510603264000 14
917979955200 35
676889136000 27
541212672000 57
592568524800 43
622080000000 52
997520832000 96
727609651200 27
680924724480 51
734557824000 73
919772884800 52
811629891072 48
987614208000 34
943197696000 42
331085905920 27
899333487360 6
731566080000 43
823011840000 15
573640704000 15
705729024000 25
636548220000 68
821487744000 76
726734131200 20
535140587520 53
679965904800 80
912019046400 19
898200576000 46
777288960000 23
923863449600 2
978208358400 27
613503072000 99
785866752000 3
832156416000 54
978140427264 71
777132195840 15
967942080000 66
808380518400 90
665013888000 76
739694592000 95
792529920000 6
891900979200 78
611969314320 39
346233139200 62
866562883200 46
735746457600 8
973050624000 31
490377888000 22
699363624960 2
892673187840 3
745758720000 50
500097024000 54
796395600000 79
560105280000 78
901002009600 1
550242201600 79
908456472000 86
589125648384 88
917447731200 100
684128592000 84
853580851200 79
810819072000 78
902518848000 74
728783969760 10
436669833600 99
790946956800 12
381250437120 30
840715739136 88
732872448000 7
504582680448 19
548956362240 87
530499715200 3
776679321600 55
872467200000 34
679311360000 58
762314716800 62
983793807360 33
590794261200 95
524843550000 57
834527232000 80
754427520000 24
945955584000 65
591983271936 75
704810812860 38
546099840000 83
680870836800 39
749374189200 9
675130982400 38
656377344000 47
641898432000 84
881588448000 6
752415713280 68
913647651840 55
769516070400 5
731566080000 2
988020633600 16
770144760000 81
966503301120 3
559394035200 3
620524800000 17
568860364800 53
682632437760 10
887633510400 50
725587200000 52
864873676800 9
973623006720 8
912171456000 89
760142880000 4
758926651392 37
877670277120 74
523567800000 69
774545587200 4
541605076992 68
629604057600 51
535227264000 77
838813667328 57
983549952000 42
679543603200 31
825297984000 56
376233984000 75
902898855936 87
928305100800 79
813404592000 80
847223193600 18
602222100480 92
503387136000 82
665013888000 99
943594831872 17
724250419200 49
847223193600 87
801718041600 78
926650368000 77
811187395200 75
621831168000 35
676292198400 44
625532544000 58
723501979200 38
842268672000 34
515978035200 28
582603840000 43
935985456000 9
820954310400 89
806551603200 62
339112230912 56
637468035750 37
655050240000 95
610330464000 83
340820480000 73
866764800000 52
881045605440 52
489052400760 46
709171200000 12
356467003200 35
606928896000 34
906096844800 66
826771730400 57
935985456000 22
998508672000 30
669247488000 33
819092736000 33
953126092800 41
812266963200 36
650280960000 11
710733592800 49
731566080000 95
608662978560 99
999371520000 28
674500115520 93
505702197000 22
999371520000 59
558611665920 31
416922992640 41
774733639680 26
692354138112 45
931945512960 79
904078506240 14
943034400000 43
875169792000 40
775982592000 10
864312216768 48
438939648000 64
831752064000 40
758041804800 31
626605943040 66
586297958400 90
554984317440 11
819801907200 35
292626432000 46
512691379200 96
872467200000 71
829192826880 60
972504225000 35
711440547840 76
817575897600 3
950893020000 22
832575744000 13
827035453440 29
978130944000 29
625482000000 84
830615385600 76
893406412800 87
782796960000 39
623558476800 21
691678310400 56
547129260720 56
831352183200 41
771573600000 18
631004774400 43
760828723200 72
378039200000 79
807686111232 79
600116428800 82
864162432000 23
871274880000 55
576398592000 15
495789465600 69
992908800000 29
839494656000 96
852797030400 65
710517749760 49
955132674048 62
862562131200 16
675569664000 49
975353702400 17
408719001600 8
749962395000 47
355332096000 32
667986739200 89
626605943040 82
871782912000 18
987379061760 3
622196951040 21
941364103680 22
613453500000 43
588352564800 60
520279794216 57
967553294400 53
977326560000 5
538141968000 86
847223193600 31
472780800000 50
516402708480 75
748270172160 42
755524869120 81
400312958976 28
766220083200 83
866121984000 15
936404582400 5
593376840000 31
599499351360 77
701735265000 27
910891008000 66
889218570240 22
565261804800 73
614319552000 14
530893440000 21
603542016000 34
969978240000 9
863336597760 23
869387904000 64
963242280000 50
718735933440 84
886171104000 93
967861923840 54
645594001920 33
852797030400 86
894136320000 99
624131600400 43
407933105580 68
876125859840 93
710664192000 43
719220902400 13
504841559040 9
726611558400 44
770339082240 51
512096256000 84
628992000000 8
505237824000 10
622941580800 97
723945600000 49
955608192000 21
685943627040 56
890373120000 93
595662439680 33
548543923200 37
649209600000 47
792286064640 56
608370352128 48
444073593600 89
459214479360 8
425502720000 48
940976870400 64
729978480000 20
622196951040 9
401355440640 13
581412142080 92
905842409472 28
798870159360 93
320631696000 63
896690995200 20
933372720000 39
877670277120 22
662276160000 29
974387232000 82
668813967360 58
445536000000 6
604414137600 23
997520832000 66
909428083200 74
524040192000 47
784542528000 11
849148844544 26
926650368000 95
954426240000 84
577655245440 68
553246848000 58
847016352000 90
897922713600 69
683588505600 60
356257440000 82
555091992000 53
617512896000 72
821487744000 56
683726400000 83
915210240000 37
919900800000 69
870704640000 5
506118412800 38
928972800000 59
920215296000 98
929297940480 34
762500874240 62
635785113600 95
927260006400 3
532998144000 100
524978677440 51
885557836800 44
557438112000 34
858309903360 72
639967910400 40
964567018800 67
623557440000 67
610581628800 19
897924206592 49
560108666880 24
880678656000 50
944431488000 54
738424512000 80
788628234240 55
834364177920 31
975421440000 52
903112610400 94
915372057600 44
781861248000 77
565358745600 61
991895224320 86
752467968000 68
994612608000 34
533744640000 88
869988600000 46
648388540800 49
950969859840 19
618361128000 69
801584087040 47
962847648000 55
701066620800 45
710956646400 96
651395908800 82
773834342400 88
982172973600 39
919617753600 16
844958822400 90
587284992000 19
747553847040 4
525968515072 39
965040168960 48
711902822400 17
259550010720 91
927653760000 52
905386180608 16
616412160000 32
957023907840 54
682632437760 50
343429632000 42
944207953920 52
763540992000 40
604619769600 13
887350464000 73
598657812480 38
687123440640 70
806682240000 3
530548704000 26
900704157696 94
713050665600 48
843598852096 16
802436544000 89
545991516000 64
577748808000 47
797029632000 37
747064581120 59
593056235520 54
533306592000 13
715138744320 97
975762837504 68
696450908160 81
654088659840 89
967553294400 29
895955074560 75
991653062400 61
885104640000 92
940519641600 30
551181153600 46
743250816000 42
919617753600 53
511377408000 81
862202880000 4
708083712000 45
682864680960 60
634785984000 90
695510323200 15
770278118400 30
786784078080 36
823011840000 68
953126092800 40
730732590000 3
940584960000 87
880588800000 96
575355765600 5
826042613760 89
631763193600 73
532011110400 27
634894848000 56
541684039680 45
981249984000 25
977633280000 33
371500646400 29
924398092800 34
672465024000 11
625384488960 71
890440024320 4
806077440000 49
608821012800 45
809263623168 57
641949235200 22
948109639680 33
642453120000 40
975183300000 88
704471040000 77
590739609600 96
647831568384 45
675084098304 38
633719116800 54
676889136000 85
943110604800 89
650235801600 52
878867496000 33
516475201536 88
760381440000 54
546554511360 55
500391198720 82
925888320000 23
521542476000 15
715258252800 86
722015078400 96
888852787200 70
752750208000 90
700809278400 99
768144384000 99
947808884736 9
766224023040 24
871751160000 24
635311226880 57
780788736000 12
842558371200 52
442522828800 63
761873817600 67
609894230400 8
717050880000 52
925888320000 1
778377600000 77
514382400000 84
858369657600 16
598609440000 68
954426240000 96
370874649600 67
612972360000 44
744578049600 43
789059335680 76
864597888000 100
623607828480 76
22688 2
21838 77
999999993213 79
15276 38
31845 35
25178 79
21447 7
999999978176 19
28745 14
30941 31
7163 20
16414 14
999999971505 35
25191 47
24093 82
32331 39
2053 3
999999997769 76
1728 32
21682 91
11992 73
31937 75
999999990793 22
20754 4
15673 5
5968 16
20572 78
999999978456 88
14433 37
11657 7
23667 35
29869 55
999999990925 30
25557 48
32432 31
5809 46
27700 67
999999991562 36
18982 44
32260 40
22524 21
18413 35
999999990874 56
12889 10
26799 86
25840 24
32134 81
999999970572 48
3940 23
6215 34
32545 4
914 15
999999989557 69
24603 26
21841 34
23496 37
23351 66
999999995931 70
11195 73
4078 27
7016 59
15322 77
999999976649 56
26767 2
1757 1
29416 33
21159 39
999999987680 37
4833 10
2337 40
20945 79
7996 59
999999991658 68
19134 100
1952 42
11824 41
32484 96
999999970107 46
7555 1
26854 10
1644 39
6430 62
999999996889 71
26994 68
15892 61
347 7
18602 9
999999981294 56
3064 8
27360 61
4012 10
9780 49
999999977812 81
19994 63
25726 52
28315 2
32634 65
999999994842 47
10041 39
9439 55
15506 51
30074 48
999999986630 8495
20201 12
17921 1
17522 5
3154 38
999999989703 10179
19962 68
24250 57
24860 5
14655 93
999999973292 47
7587 45
28245 34
6373 77
17597 50
999999995495 5272
28991 19
2007 25
15149 19
22906 72
999999999771 16
12726 40
1539 37
7304 12
10980 68
999999991181 84
1833 32
10446 62
22500 99
18348 47
999999983171 4862
15982 57
2015 20
8381 73
8314 51
999999995697 34
11174 68
21238 59
3505 13
18572 4
999999979137 71
335 2
18127 10
4968 31
6317 28
999999994221 24130
6738 52
15672 92
29489 21
25134 47
999999975183 32
10013 90
31915 74
20938 37
20261 55
999999978083 94
3283 39
20819 9
9319 13
25488 93
999999970819 41
27545 32
2338 26
5158 39
6802 21
999999969793 94
6239 69
27763 20
17822 87
22008 79
999999989972 26486
17438 44
22442 48
7223 5
15322 65
999999974295 91
7824 86
10855 51
29546 49
17076 91
999999993700 33
22245 77
7600 29
20442 83
16077 29
999999993024 24070
11673 56
26252 8
2141 23
19985 84
999999987157 43
26952 60
30997 38
3436 4
21862 73
999999985525 40
26435 66
19088 23
18198 79
12889 32
999999977916 87
6545 32
6905 32
1949 22
12712 26
999999994819 30488
30092 43
10218 61
21348 54
23823 73
999999970287 31941
4680 67
16049 49
5067 33
29473 84
999999978399 5558
12990 1
24044 5
7560 74
20724 44
999999990223 84
988 7
20065 66
31775 21
22146 32
999999999688 59
25991 21
5885 71
12784 18
24377 85
999999991965 6
13312 84
8170 34
2720 26
4117 32
999999969153 53
29459 95
31678 15
32153 24
32179 6
999999976530 1
15143 94
25733 75
24650 5
26340 27
999999988282 11514
20540 10
10668 66
18991 10
22883 33
999999984721 2580
28036 88
5296 3
29463 89
30225 56
999999998402 48
7518 74
27496 56
1319 8
23899 74
999999998390 49
1169 8
4477 27
12337 38
30700 13
999999985324 15
25089 68
3565 21
3509 42
6246 36
999999991862 4
10945 51
4162 45
30721 25
5576 10
999999975367 15
3628 30
9985 55
21549 23
23213 34
999999995291 57
21410 59
5112 66
28886 38
12256 78
999999968301 19077
1451 10
3702 17
12179 58
15648 43
999999987596 4413
2497 31
16448 40
2918 42
18597 31
999999984687 15815
5639 61
23771 1
14152 90
16571 81
999999985914 53
14894 74
15309 11
11166 30
16169 27
999999999218 78
31369 98
7705 86
12717 78
18018 45
999999975569 90
7388 63
4557 42
24606 28
17494 82
999999987809 6
19650 17
24828 22
10795 96
5044 55
999999972102 91
10509 53
14979 43
20109 2
22552 28
999999986264 31309
20031 84
13748 1
1313 30
18056 100
999999967701 25
28365 59
3440 56
15616 96
25272 53
999999980512 27190
12678 29
1288 15
15318 87
21722 91
999999995193 4
18509 81
6665 19
15123 92
23163 32
999999991415 63
4335 2
13954 59
10246 35
11765 66
999999980422 99
17249 56
16019 72
29916 51
18149 76
999999992809 60
24561 15
4898 5
4657 39
31802 17
999999980623 2937
11059 90
4010 42
16575 70
6816 81
999999974342 92
21069 49
22179 71
12874 3
9343 5
999999991272 77
13791 93
27533 95
25250 5
15230 53
999999994725 65
8037 70
5362 33
3376 7
16566 33
999999972256 14314
1838 41
23200 23
20851 8
18715 94
999999976433 83
5419 8
22980 80
3643 53
13828 36
999999985018 81
32318 82
26797 69
17027 10
4150 36
999999999179 13717
23709 15
20881 12
26774 100
31062 48
999999992505 18
1668 6
5401 14
17137 95
23941 63
999999999773 95
11024 29
10996 37
11439 62
27759 35
999999978408 94
18156 70
26520 61
15272 45
22570 54
999999997886 16247
16735 61
31898 79
2480 10
6612 13
999999975438 40
7274 20
14632 30
2689 23
24811 91
999999976688 41
6221 3
24912 61
14989 21
16619 14
999999980648 21
26863 82
14530 43
4775 64
21815 49
999999978792 97
27117 34
9521 72
14069 96
1915 16
999999978447 32271
9283 34
11906 96
19241 78
3822 54
999999989469 39
1833 3
641 5
4013 35
26734 63
999999987467 23585
17686 98
30115 81
151 11
16512 23
999999981932 28611
13299 65
4819 54
13405 81
30607 30
999999973976 61
14972 37
22580 7
11019 18
30521 1
999999974731 86
25393 84
14904 45
6736 52
27614 88
999999987899 49
10941 93
9433 6
22436 62
26997 96
999999982976 91
11369 56
28969 10
3442 45
15990 73
999999996135 21
20947 95
12092 30
7590 13
13494 86
999999999579 9759
17039 65
6684 21
4503 59
15427 95
999999981765 96
15887 44
9869 57
21763 17
31625 8
999999977130 100
6965 78
1852 33
16707 7
7988 72
999999970790 45
31077 90
15206 56
10168 41
28844 32
999999995826 13315
18758 78
20722 41
19572 100
24313 75
999999999794 61
14964 75
25282 53
10800 89
26552 71
999999991216 2162
30401 34
9689 74
5134 61
6690 18
999999967992 61
16892 23
29299 38
17895 14
599 7
999999998455 17
29718 76
139 3
12839 82
22887 93
999999978956 13134
3010 9
29821 18
6835 12
20108 60
999999999837 76
16598 84
12218 43
8723 72
1194 27
999999984623 27926
18774 9
409 17
12630 40
15653 93
999999995711 16931
11052 77
14495 86
11908 26
2112 22
999999986437 5786
32763 34
3248 6
10709 88
8353 1
999999969446 50
14598 38
19343 31
15657 10
7583 26
999999973849 30
22068 81
1864 34
28378 18
2755 12
999999977777 77
14453 57
6615 46
3569 7
15943 84
999999995458 42
2550 12
5217 45
10876 8
21929 98
999999982231 85
12918 24
16647 60
21573 42
25280 50
999999978174 72
30040 51
23622 80
19540 52
19629 64
999999980794 71
22049 89
6191 48
30833 11
30449 73
999999973720 50
30671 11
3934 44
972 12
14329 10
999999991155 4
15869 81
1770 3
18426 37
19724 88
999999989521 86
9616 86
12587 70
13783 80
17968 57
999999970199 29583
29712 68
4206 57
32425 11
24474 21
999999991568 27
5515 67
22346 73
17808 79
24481 30
999999982938 61
13893 79
5669 10
20553 39
24102 94
999999967995 29
15906 30
12669 14
28003 70
6255 71
999999991537 26420
28277 2
20889 86
18628 9
1204 31
999999968739 35
25245 74
7860 85
21339 82
30968 75
999999980613 25
28519 5
13978 20
13506 35
28036 56
999999968832 87
24335 51
12574 93
28739 39
24443 35
999999972597 19
23272 36
5748 74
5710 73
27575 88
999999973421 15
27139 27
20980 51
3620 59
3808 25
999999971800 65
10752 65
24772 66
32241 66
12947 62
999999974254 84
28209 31
29077 31
2189 6
23918 88
999999974214 48
12903 62
21264 44
11404 5
1496 10
999999972850 61
20029 66
14418 60
29071 40
14367 37
999999980716 59
7666 15
17911 1
10006 35
13355 96
999999979347 59
9894 6
28019 57
18808 29
11966 13
999999973351 47
17852 62
30146 48
29910 95
24269 6
999999968421 9
14396 81
27516 63
22409 18
21291 22
999999979972 84
21765 24
9513 12
5498 3
10943 36
999999969493 12785
6022 77
27104 52
26947 78
30042 51
999999996601 19731
31768 32
30705 98
2644 45
565 11
999999997082 4
3047 14
870 2
23421 90
29886 42
999999995193 63
24944 96
27558 68
20039 31
9829 10
999999997496 6816
5558 63
7191 67
20760 49
16480 28
999999969510 79
28555 7
19267 60
1345 22
16497 93
999999979795 89
24552 45
23531 34
1911 43
24893 30
999999993837 34
304 2
517 10
15180 66
16374 84
999999969108 23
13869 38
28590 13
490 17
6200 50
999999987974 51
18154 86
24398 73
2368 48
18473 85
999999977425 28388
18788 74
14072 22
30587 16
8272 40
999999992974 23
22614 91
11606 65
22806 71
12384 79
999999988221 43
28940 73
13474 36
8933 47
11769 83
999999988876 1209
28332 17
6423 49
6221 14
19929 59
999999967655 33
23006 17
11293 83
18022 99
16295 50
999999993877 8
12512 8
32735 88
19809 54
12074 2
999999970640 47
12803 42
24447 40
5047 20
2862 37
999999998490 84
31067 79
22215 66
28675 98
14888 14
999999988844 23843
10280 8
20928 95
19880 83
5691 33
999999990674 46
3960 7
929 22
7502 36
29953 18
999999979850 20
11525 14
8586 91
31115 65
18257 51
999999981405 50
11831 90
4977 12
8857 56
16690 99
999999968448 3150
16066 50
29824 24
14499 96
2140 30
999999995020 98
7114 43
17450 34
6455 46
20192 45
999999967348 55
5269 50
23818 14
8946 22
10223 22
999999971511 41
854 8
23556 12
12287 25
14402 6
999999970926 20
32547 66
14251 7
3315 18
10350 64
999999977242 3454
5711 43
23812 6
12795 94
4559 7
999999993156 41
13434 43
18393 25
24035 88
13659 36
999999975153 67
13581 72
3313 36
30663 74
12938 73
999999987095 31
8072 32
21274 31
15729 30
3143 2
999999970682 9639
32339 46
4348 63
14045 79
15482 2
999999995018 28883
186 11
26892 55
26142 6
31042 35
999999970208 29
949 23
17446 76
8808 15
24359 48
999999982581 5422
8558 83
7590 28
16414 92
32174 83
999999970876 38
30307 72
27979 77
28619 47
14597 91
999999975894 86
17780 84
12083 42
21416 7
25243 44
999999974261 82
30632 21
17783 22
23111 26
11367 37
999999996955 22263
25063 24
5496 54
5311 45
5078 28
999999980096 53
2555 18
1745 5
8585 74
19499 19
999999967361 29
18837 47
451 14
6638 57
7470 68
999999982371 59
28431 72
18011 70
27087 2
28907 45
999999995277 20
12156 13
26746 26
24388 84
25518 30
999999977826 58
6082 8
168 12
7345 44
26878 76
999999995914 95
17058 5
8729 58
2488 22
10870 55
999999982474 96
176 13
32589 85
10129 81
8912 86
999999978084 35
21870 18
25860 54
23016 43
23111 22
999999977431 42
12484 24
24423 40
8268 83
22891 37
999999978145 31575
15661 52
6473 61
11225 77
23094 95
999999999393 36
5526 44
4064 19
22051 44
19410 8
999999981495 18561
18276 23
27933 63
9720 44
4559 50
999999998905 64
25758 53
18904 3
28772 98
17484 5
999999983146 45
6469 30
3123 23
3677 52
16770 41
999999996084 80
26340 70
28403 1
3754 43
25075 90
999999996126 14169
25885 44
6582 38
14282 77
29294 80
999999980456 55
