0 3 5 9 17 33 65 129 257 513 1025 2049 4097 8193 16385 32769 
0 0 6 10 18 34 14658 130 14658 514 1026 14658 14658 14658 16386 32770 
0 0 0 12 20 36 68 132 260 516 1028 2052 4100 8196 16388 32772 
0 0 0 0 24 40 72 136 264 520 1032 2056 4104 8200 16392 32776 
0 0 0 0 0 48 80 144 272 528 1040 2064 4112 8208 16400 32784 
0 0 0 0 0 0 96 160 288 544 1056 2080 4128 8224 16416 32800 
0 0 0 0 0 0 0 192 14658 576 1088 14658 14658 14658 16448 32832 
0 0 0 0 0 0 0 0 384 640 1152 2176 4224 8320 16512 32896 
0 0 0 0 0 0 0 0 0 768 1280 14658 14658 14658 16640 33024 
0 0 0 0 0 0 0 0 0 0 1536 2560 4608 8704 16896 33280 
0 0 0 0 0 0 0 0 0 0 0 3072 5120 9216 17408 33792 
0 0 0 0 0 0 0 0 0 0 0 0 14658 14658 18432 34816 
0 0 0 0 0 0 0 0 0 0 0 0 0 14658 20480 36864 
0 0 0 0 0 0 0 0 0 0 0 0 0 0 24576 40960 
0 0 0 0 0 0 0 0 0 0 0 0 0 0 0 49152 
0 0 0 0 0 0 0 0 0 0 0 0 0 0 0 0 
